32561
1232
9410
31378
17203
32452
31174
30520
14662
24451
20074
7571
11322
11965
1452
31370
5148
15981
3599
12304
32333
6108
30088
15559
21720
12797
25161
21012
24101
23713
2110
20912
5675
26649
28727
22557
29672
5446
23774
5658
9882
23562
9009
5160
3281
30806
18
14354
11955
4135
31247
32591
14797
16843
10748
29972
6684
21636
25741
1305
17866
32425
11604
5791
15522
14277
1949
28219
26772
19756
9243
1254
7233
7232
16194
3421
25347
6524
15794
30757
28869
7440
16394
27137
3189
23407
28284
19769
28398
28085
13175
26045
2845
8375
28428
4267
19871
1555
2207
10577
13301
13647
923
29743
21156
10682
11125
9949
9648
31710
12934
10556
9952
21154
17036
11205
7283
23161
17713
8369
28436
8994
5035
31317
25509
29301
25200
23491
28422
11042
29535
8637
9631
7488
2991
7864
29150
22929
22471
26806
5103
19745
17785
18469
30324
25497
27156
32219
19405
496
